270 81
269 81
268 81
268 81
268 81
268 81
268 81
268 80
268 80
268 80
268 80
268 80
267 80
267 80
266 80
266 80
265 80
263 80
263 79
263 79
263 79
263 79
263 79
263 78
263 77
263 77
263 77
263 76
263 76
261 76
261 75
261 75
261 75
260 75
260 75
259 75
259 75
259 75
259 75
259 75
259 75
259 75
259 75
259 75
259 75
259 75
259 74
259 73
259 72
259 71
259 70
259 69
259 68
259 67
259 66
259 66
259 66
259 66
259 66
259 66
259 66
259 66
259 66
259 66
259 66
259 66
259 66
259 66
259 66
259 66
259 66
260 66
261 66
261 66
261 66
262 66
262 64
263 64
263 64
263 63
263 63
263 63
263 62
263 62
263 62
265 62
266 62
266 62
267 62
268 62
268 62
268 62
268 62
268 62
268 62
268 62
268 62
268 62
268 62
269 62
270 62
270 62
270 62
270 62
270 62
270 62
271 62
271 62
272 62
273 62
273 62
273 62
273 62
275 62
275 62
276 62
277 62
277 63
277 63
277 63
277 64
277 64
277 64
277 64
278 64
278 66
278 66
279 66
279 66
279 66
280 66
280 66
280 66
281 66
281 66
281 66
282 66
282 64
283 64
283 64
283 64
285 64
286 64
286 64
286 64
286 64
286 63
286 63
286 63
286 63
287 62
287 62
288 62
288 62
289 62
289 62
289 62
290 62
290 62
291 62
291 62
292 62
292 62
293 62
293 62
295 62
295 62
295 62
295 62
295 62
295 63
295 63
295 63
295 63
295 63
295 63
295 63
295 63
295 63
297 63
298 63
300 63
302 63
303 63
304 63
304 63
304 62
304 62
304 62
304 62
304 62
304 62
304 62
304 61
304 61
304 61
304 61
305 61
306 61
307 61
307 61
308 61
308 60
308 60
308 60
309 60
309 60
310 60
310 60
311 60
311 60
312 60
312 60
312 60
312 61
312 61
312 61
313 61
313 61
313 62
313 62
314 62
314 62
315 62
315 62
316 62
316 62
317 62
317 62
317 62
318 62
318 62
318 62
319 62
319 62
320 62
320 62
320 62
321 62
321 62
322 62
322 62
322 61
322 61
322 61
322 61
325 61
325 61
325 61
326 61
326 61
326 61
326 61
326 61
328 61
328 61
328 61
328 61
329 61
329 60
329 60
329 60
329 60
329 60
329 60
330 60
331 60
331 60
331 60
331 60
331 60
331 60
331 60
331 60
331 60
331 61
332 61
334 61
334 61
335 61
336 61
336 61
336 61
336 61
336 62
336 62
336 62
336 62
336 62
337 62
338 62
338 63
338 63
339 63
340 64
340 64
340 66
340 66
340 66
340 66
340 66
340 66
340 66
340 66
340 66
340 66
340 66
340 66
340 66
340 66
340 66
340 67
340 68
340 70
340 70
340 71
340 72
340 73
340 74
340 75
340 75
340 75
340 75
340 75
340 75
340 75
340 75
340 75
340 75
340 75
340 75
340 75
339 75
338 75
338 75
337 75
337 75
336 75
336 75
336 75
336 76
336 76
336 76
336 76
336 76
334 76
334 76
332 76
331 76
331 76
331 76
331 76
331 75
331 75
331 75
331 75
330 75
329 75
329 75
329 75
329 76
328 76
328 76
327 77
326 77
326 77
326 78
326 78
326 78
325 78
325 79
325 79
325 79
324 79
322 79
322 79
322 79
322 79
322 79
322 79
322 79
321 79
321 79
320 80
320 80
320 80
319 80
319 80
318 80
318 80
318 80
317 80
317 80
316 80
316 80
315 80
314 80
314 80
314 80
313 80
313 80
313 79
312 79
312 79
312 79
312 79
311 79
311 79
311 79
311 79
310 79
310 79
309 79
309 79
309 79
308 79
308 79
308 79
307 79
307 79
306 79
306 79
305 80
304 80
304 80
304 80
304 80
304 80
304 80
304 80
304 80
304 80
304 80
304 80
304 80
302 80
301 80
300 80
299 80
298 80
297 80
296 80
295 80
295 80
295 80
295 80
295 80
295 80
295 80
295 80
295 80
295 81
295 81
295 81
295 81
295 81
295 81
293 81
292 81
291 81
291 81
290 80
290 80
289 80
289 80
289 80
288 80
288 80
288 80
287 80
287 80
287 80
287 80
286 80
286 80
286 80
286 80
286 80
286 80
286 80
285 80
285 80
283 80
283 80
282 80
282 80
281 80
281 81
280 81
279 81
279 81
279 81
279 81
278 81
278 82
277 82
277 82
277 82
277 82
277 82
277 82
277 82
277 82
276 82
275 82
275 82
275 82
273 82
273 82
273 82
273 82
272 82
272 81