271 70
271 69
271 68
271 68
271 68
271 66
271 64
271 62
273 60
274 59
274 59
275 57
276 56
276 54
277 53
278 52
278 51
278 50
278 50
279 50
279 49
279 48
280 47
281 46
281 44
282 43
282 42
283 40
284 39
284 38
285 37
285 35
285 32
285 32
286 32
286 32
286 32
286 32
287 30
287 28
288 27
289 25
289 23
290 23
291 23
292 22
294 19
295 17
296 16
297 15
297 14
298 13
299 11
299 11
300 9
301 8
302 7
303 6
303 5
303 5
303 5
303 4
303 3
303 2
303 2
303 2
304 1
305 1
306 1
307 0
308 -1
309 -1
310 -1
312 -1
312 -1
312 -1
312 0
312 1
312 1
314 2
315 3
316 4
317 4
317 5
318 5
319 5
320 6
320 6
320 7
321 7
321 7
321 8
322 9
322 9
323 11
323 11
323 11
324 12
324 13
324 14
324 14
324 15
324 15
324 15
326 16
326 16
326 17
326 17
326 18
326 19
326 19
326 20
326 20
326 21
326 22
324 22
324 21
322 20
322 20
321 20
321 19
320 19
320 19
319 18
319 18
318 18
318 17
317 17
317 17
316 17
316 17
315 17
315 17
314 17
312 17
312 18
312 19
312 19
312 20
312 20
312 21
312 22
312 23
312 23
312 23
312 23
312 23
312 23
312 25
312 27
312 28
312 30
312 32
312 32
312 32
312 32
312 32
314 34
316 36
317 37
318 39
319 40
320 41
320 41
321 42
321 43
321 44
321 45
323 46
323 47
324 48
324 49
326 50
326 50
326 51
327 52
327 53
328 54
328 54
329 54
329 56
330 57
330 57
330 58
331 59
331 59
331 59
331 60
331 60
331 60