5 7
5 6
5 5
5 3
5 2
5 0
7 -2
8 -3
9 -5
10 -6
10 -8
11 -9
12 -10
12 -11
12 -12
13 -12
13 -13
13 -14
14 -15
15 -16
15 -18
16 -19
16 -20
17 -21
18 -22
18 -23
19 -24
19 -26
19 -29
20 -29
21 -31
21 -33
22 -34
23 -36
23 -38
24 -38
25 -38
26 -39
28 -42
29 -44
29 -45
30 -45
30 -46
31 -47
32 -49
33 -51
34 -52
35 -53
36 -54
36 -55
36 -56
36 -57
36 -58
37 -59
38 -59
39 -59
40 -60
41 -61
42 -61
43 -61
45 -61
45 -60
45 -59
47 -58
48 -57
49 -56
50 -56
50 -55
51 -55
52 -55
53 -54
53 -53
53 -52
54 -51
55 -49
56 -48
56 -47
56 -46
56 -45
58 -45
58 -44
58 -43
58 -42
58 -41
58 -40
58 -39
56 -39
56 -40
54 -41
53 -41
53 -42
52 -43
51 -43
51 -44
50 -44
49 -44
48 -44
47 -44
45 -44
45 -43
45 -42
45 -41
45 -40
45 -39
45 -38
45 -36
45 -34
45 -33
45 -31
45 -29
47 -27
49 -25
50 -24
51 -22
52 -21
53 -21
53 -20
53 -19
53 -18
53 -17
55 -16
55 -15
56 -14
56 -13
58 -12
58 -11
59 -10
59 -9
60 -8
61 -8
61 -6
62 -5
62 -4
63 -3
63 -2
