7 14
6 14
5 14
5 13
4 13
3 13
2 13
0 13
0 12
0 11
0 10
0 9
-1 9
-1 8
-2 8
-2 7
-2 6
-2 5
-2 4
-2 3
-2 2
-2 1
-2 0
-2 -1
-1 -1
-1 -3
0 -3
0 -4
0 -5
2 -5
3 -5
4 -5
5 -5
6 -5
7 -5
8 -5
9 -5
10 -5
12 -5
13 -5
14 -5
14 -4
14 -3
15 -3
15 -1
16 -1
17 -1
18 -1
19 -1
19 -3
20 -3
22 -3
22 -4
22 -5
23 -5
24 -5
25 -5
26 -5
27 -5
28 -5
30 -5
30 -4
32 -4
33 -4
35 -4
37 -4
38 -4
39 -4
39 -5
39 -6
40 -6
41 -6
42 -6
43 -6
43 -7
44 -7
45 -7
46 -7
46 -6
46 -5
47 -5
48 -5
49 -5
50 -5
51 -5
52 -5
53 -5
54 -5
55 -5
55 -6
58 -6
59 -6
61 -6
62 -6
62 -7
63 -7
64 -7
64 -6
65 -6
67 -6
68 -6
69 -6
69 -5
70 -5
70 -4
71 -3
71 -1
71 0
71 1
71 3
71 4
71 5
71 6
71 7
71 8
70 8
69 8
69 9
67 9
65 9
64 9
64 8
63 8
62 8
62 9
61 9
60 10
59 10
59 11
58 11
58 12
57 12
55 12
54 12
53 13
52 13
51 13
50 13
49 13
48 13
47 13
46 13
46 12
45 12
44 12
43 12
42 12
41 12
40 13
39 13
37 13
36 13
35 13
34 13
33 13
32 13
31 13
30 13
30 14
28 14
27 14
26 14
25 13
24 13
23 13
22 13
20 13
19 13
18 13
18 14
17 14
16 14
15 14
15 15
14 15
13 15
12 15
10 15
9 15
9 14
